0.02504058683031731
0.03154297954083757
0.029080299765450734
0.038331530557057854
0.026360008401596295
0.03304347826086957
0.05081216159933359
0.04272579772850187
0.034575813796593
0.03255618567527833
0.036533131771226995
0.04815695600475628
0.03737985048059809
0.09204498125780926
0.03591682419659734
0.04921579232017308
0.04461629982153479
0.045364891518737654
0.040175310445580724
0.043265306122448985
0.07254361799816345
0.046875
0.053333333333333344
0.05588585017835908
0.05357142857142858
0.05898491083676267
0.06213017751479292
0.0912
0.059027777777777776
0.0661625708884688
0.05860113421550092
0.0743801652892562
0.06575963718820858
0.07936507936507933
0.07500000000000002
0.07500000000000002
0.09695290858725761
0.08033240997229917
0.05555555555555555
0.06790123456790123
0.07266435986159167
0.10726643598615918
0.1015625
0.0703125
0.0625
0.07555555555555556
0.07555555555555556
0.08444444444444445
0.10204081632653063
0.0816326530612245
