0.03161181546254468
0.03285586205458602
0.03362732219928695
0.03192764665139326
0.06635599758136818
0.034730718708951024
0.0344292582347477
0.0332995897490543
0.03675087342112339
0.0673255353307896
0.035428398272770896
0.035862522022156534
0.03672840586814187
0.03768915574668344
0.0680240195158566
0.0376684959241302
0.04188450213328528
0.04205858640150499
0.037158145065398336
0.07123966942148763
0.03709750566893426
0.0408
0.04492187500000005
0.037807183364839334
0.08393595041322312
0.042491349480968825
0.046103509815585995
0.045345297228008334
0.04466759002770081
0.06699193094389193
0.04185677444951399
0.0468388993908843
0.04655825350857653
0.051360946745562124
0.08591584782060972
0.050255307712980354
0.05222222222222224
0.039239001189060645
0.047706986765158485
0.07834710743801652
0.058984910836762695
0.04307582769668921
0.04113802383698573
0.04879999999999996
0.05789254477301124
0.05989583333333333
0.05477591670439112
0.046313799621928144
0.04987654320987657
0.09400826446280991
