0.0294027009114204
0.034388266211450795
0.03486531325591112
0.03843130208216352
0.03322712790168412
0.04511845480609626
0.035994809097739236
0.04360982556069772
0.04730647351742871
0.041384083044982665
0.04402091415078426
0.052172188057925034
0.042840236686390525
0.04434291857027679
0.040935672514619846
0.05161979352082594
0.041600000000000005
0.060208239022181975
0.04098765432098768
0.05462412114656572
0.060083283759666845
0.0650887573964497
0.04894083272461654
0.06327160493827164
0.05536332179930796
0.06519742883379248
0.07421875
0.06971904266389177
0.06666666666666665
0.06064209274673006
0.07653061224489796
0.07818930041152261
0.08579881656804732
0.05599999999999999
0.06560000000000002
0.0763888888888889
0.06994328922495273
0.07750472589792061
0.0743801652892562
0.06198347107438017
0.07482993197278909
0.08843537414965984
0.06500000000000003
0.07500000000000004
0.08033240997229917
0.09141274238227148
0.08641975308641975
0.09876543209876543
0.07407407407407407
0.08650519031141866
