0.0294027009114204
0.034388266211450795
0.03486531325591112
0.03843130208216352
0.03322712790168412
0.04511845480609626
0.035994809097739236
0.04360982556069772
0.04730647351742871
0.041384083044982665
0.04402091415078426
0.052172188057925034
0.042840236686390525
0.04434291857027679
0.040935672514619846
0.05161979352082594
0.041600000000000005
0.060208239022181975
0.04098765432098768
0.05462412114656572
0.060083283759666845
0.0650887573964497
0.04894083272461654
0.06327160493827164
0.05536332179930796
0.06519742883379248
0.07421875
0.06971904266389177
0.06666666666666665
0.06064209274673006
0.07653061224489796
0.07818930041152261
0.08579881656804732
0.05599999999999999
0.06560000000000002
0.0763888888888889
0.06994328922495273
0.07750472589792061
0.0743801652892562
0.06198347107438017
0.07482993197278909
0.08843537414965984
0.06500000000000003
0.07500000000000004
0.08033240997229917
0.09141274238227148
0.08641975308641975
0.09876543209876543
0.07407407407407407
0.08650519031141866
0.10726643598615915
0.07266435986159168
0.078125
0.109375
0.0703125
0.09375
0.08444444444444445
0.09333333333333335
0.08444444444444445
0.10222222222222224
0.0816326530612245
0.10204081632653063
0.10204081632653063
0.09183673469387757
0.12426035502958582
0.12426035502958582
0.08875739644970417
0.10059171597633138
0.1124260355029586
0.08875739644970417
0.09722222222222224
0.11111111111111112
0.125
0.09722222222222225
0.09722222222222224
0.1388888888888889
0.09090909090909091
0.10743801652892562
0.09090909090909091
0.09090909090909091
0.14049586776859505
0.10743801652892562
0.14049586776859505
0.14049586776859505
0.10000000000000003
0.10000000000000003
0.10000000000000003
0.12000000000000005
0.16000000000000006
0.14000000000000007
0.10000000000000003
0.12000000000000005
0.14000000000000007
0.16049382716049382
0.1111111111111111
0.13580246913580246
0.16049382716049382
0.16049382716049382
0.1111111111111111
0.16049382716049382
0.16049382716049382
0.13580246913580246
0.1111111111111111
0.13580246913580246
0.1111111111111111
0.125
0.125
0.1875
0.125
0.15625
0.15625
0.15625
0.125
0.15625
0.125
0.125
0.15625
0.125
0.15625
0.15625
0.14285714285714285
0.14285714285714285
0.14285714285714285
0.18367346938775508
0.14285714285714285
0.14285714285714285
0.14285714285714285
0.14285714285714285
0.14285714285714285
0.26530612244897955
0.14285714285714285
0.18367346938775508
0.14285714285714285
0.14285714285714285
0.14285714285714285
0.18367346938775508
0.18367346938775508
0.22448979591836732
0.18367346938775508
0.14285714285714285
0.22222222222222227
0.16666666666666669
0.16666666666666669
0.2222222222222222
0.16666666666666669
0.16666666666666669
0.16666666666666669
0.16666666666666669
0.16666666666666669
0.16666666666666669
0.16666666666666669
0.2222222222222222
0.2222222222222222
0.16666666666666669
0.16666666666666669
0.16666666666666669
0.16666666666666669
0.16666666666666669
0.16666666666666669
0.16666666666666669
0.16666666666666669
0.22222222222222227
0.16666666666666669
0.16666666666666669
0.16666666666666669
0.16666666666666669
0.16666666666666669
0.16666666666666669
0.20000000000000004
0.20000000000000004
0.20000000000000004
0.20000000000000004
0.20000000000000004
0.20000000000000004
0.20000000000000004
0.20000000000000004
0.20000000000000004
0.20000000000000004
0.20000000000000004
0.20000000000000004
0.20000000000000004
0.20000000000000004
0.28
0.20000000000000004
0.20000000000000004
0.20000000000000004
0.20000000000000004
0.28
0.20000000000000004
0.20000000000000004
0.20000000000000004
0.28
0.20000000000000004
0.28
0.20000000000000004
0.28
0.20000000000000004
0.20000000000000004
0.20000000000000004
0.20000000000000004
