0.02794348344546537
0.033782736241543786
0.041910595986313685
0.03992655326101905
0.027446153846153835
0.05275849935693665
0.029070055489496625
0.03971354693284369
0.0409376233983742
0.03348394248857834
0.030507161819932863
0.08261544808172971
0.029376000000000003
0.035886510767604685
0.041401183431952655
0.040365493147003495
0.02995058820672827
0.05387998529431791
0.03247588911262849
0.040647675356087064
0.043029131985731287
0.039282525769012276
0.031105375578497692
0.08170545269237302
0.02963839579224194
0.03825260298777729
0.04245902139739325
0.04538248117320652
0.03833616780045349
0.054461966953968904
0.03661272232014101
0.0407108377119911
0.04200146092037983
0.03665123456790123
0.03336734693877552
0.0872621107266436
0.03466483011937557
0.04020191094285201
0.05126400000000002
0.03748992206396129
0.03467269260645435
0.05707491082045186
0.03370267774699907
0.047642236831426016
0.046208231630334155
0.04147383410466355
0.033284023668639064
0.09611687812379853
0.0342
0.04456476468138273
